
list1=[201810033;201810044;201810048;201810115;2018101110;201810254;201811084;201811092;201811096;201811201;201811204]; %% blue 
 
list2=[201810032;201810034;201810043;201810047;201810111;201810116;201810117;201810252;201811082;201811086;201811087];  %% orange
 
list3=[201810041;201810046;201810119;201810251;201810255;201811083;201811085;201811091;201811097;201811203]; %% yellow 
    
list4=[201810031;201810113;201810118;201810258;201811081;201811088;201811093;201811094;201811202;201811208]; %% purple






